(15; 39,142857; 15)
0
(15; 39,142857; 15)
0
(15; 39,142857; 15)
0
(15; 39,142857; 15)
0
(15; 39,142857; 15)
0
(15; 39,142857; 15)
0
(15; 39,142857; 15)
0
(15; 39,142857; 15)
0
(15; 39,142857; 15)
0
(15; 39,142857; 15)
0
(15; 39,142857; 15)
0
(15; 39,142857; 15)
0
(15; 39,142857; 15)
0
(15; 39,142857; 15)
0
(15; 39,142857; 15)
0
(15; 39,142857; 15)
0
(15; 39,142857; 15)
0
(15; 39,142857; 15)
0
(15; 39,142857; 15)
0
(15; 39,142857; 15)
0
(15; 39,142857; 15)
0
(15; 39,142857; 15)
0
(15; 39,142857; 15)
0
(15; 39,142857; 15)
0
(15; 39,142857; 15)
0
(15; 39,142857; 15)
0
(15; 39,142857; 15)
0
(15; 39,142857; 15)
0
(15; 39,142857; 15)
0
(15; 39,142857; 15)
0
(15; 39,142857; 15)
0
(15; 39,142857; 15)
0
(15; 39,142857; 15)
0
(15; 39,142857; 15)
0
(15; 39,142857; 15)
0
(15; 39,142857; 15)
0
(15; 39,142857; 15)
0
(15; 39,142857; 15)
0
(15; 39,142857; 15)
0
(15; 39,142857; 15)
0
(15; 39,142857; 15)
0
(15; 39,142857; 15)
0
(15; 39,142857; 15)
0
(15; 39,142857; 15)
0
(15; 39,142857; 15)
0
(15; 39,142857; 15)
0
(15; 39,142857; 15)
0
(15; 39,142857; 15)
0
(15; 39,142857; 15)
0
(15; 39,142857; 15)
0
(15; 39,142857; 15)
0
(15; 39,142857; 15)
0
(15; 39,142857; 15)
0
(15; 39,142857; 15)
0
(15; 39,142857; 15)
0
(15; 39,142857; 15)
0
(15; 39,142857; 15)
0
(15; 39,142857; 15)
0
(15; 39,142857; 15)
0
(15; 39,142857; 15)
0
(15; 39,142857; 15)
0
(15; 39,142857; 15)
0
(15; 39,142857; 15)
0
(15; 39,142857; 15)
0
(15; 39,142857; 15)
0
(15; 39,142857; 15)
0
(15; 39,142857; 15)
0
(15; 39,142857; 15)
0
(15; 39,142857; 15)
0
(15; 39,142857; 15)
0
(15; 39,142857; 15)
0
(15; 39,142857; 15)
0
(15; 39,142857; 15)
0
(15; 39,142857; 15)
0
(15; 39,142857; 15)
0
(15; 39,142857; 15)
0
(15; 39,142857; 15)
0
(15; 39,142857; 15)
0
(15; 39,142857; 15)
0
(15; 39,142857; 15)
0
(15; 39,142857; 15)
0
(15; 39,142857; 15)
0
(15; 39,142857; 15)
0
(15; 39,142857; 15)
0
(15; 39,142857; 15)
0
(15; 39,142857; 15)
0
(15; 39,142857; 15)
0
(15; 39,142857; 15)
0
(15; 39,142857; 15)
0
(15; 39,142857; 15)
0
(15; 39,142857; 15)
0
(15; 39,142857; 15)
0
(15; 39,142857; 15)
0
(15; 39,142857; 15)
0
(15; 39,142857; 15)
0
(15; 39,142857; 15)
0
(15; 39,142857; 15)
0
(15; 39,142857; 15)
0
(15; 39,142857; 15)
0
(15; 39,142857; 15)
0
(15; 39,142857; 15)
0
(15; 39,142857; 15)
0
(15; 39,142857; 15)
0
(15; 39,142857; 15)
0
(15; 39,142857; 15)
0
(15; 39,142857; 15)
0
(15; 39,142857; 15)
0
(15; 39,142857; 15)
0
(15; 39,142857; 15)
0
(15; 39,142857; 15)
0
(15; 39,142857; 15)
0
(15; 39,142857; 15)
0
(15; 39,142857; 15)
0
(15; 39,142857; 15)
0
(15; 39,142857; 15)
0
(15; 39,142857; 15)
0
(15; 39,142857; 15)
0
(15; 39,142857; 15)
0
(15; 39,142857; 15)
0
(15; 39,142857; 15)
0
(15; 39,142857; 15)
0
(15; 39,142857; 15)
0
(15; 39,142857; 15)
0
(15; 39,142857; 15)
0
(15; 39,142857; 15)
0
(15; 39,142857; 15)
0
(15; 39,142857; 15)
0
(15; 39,142857; 15)
0
(15; 39,142857; 15)
0
(15; 39,142857; 15)
0
(15; 39,142857; 15)
0
(15; 39,142857; 15)
0
(15; 39,142857; 15)
0
(15; 39,142857; 15)
0
(15; 39,142857; 15)
0
(15; 39,142857; 15)
0
(15; 39,142857; 15)
0
(15; 39,142857; 15)
0
(15; 39,142857; 15)
0
(15; 39,142857; 15)
0
(15; 39,142857; 15)
0
(15; 39,142857; 15)
0
(15; 39,142857; 15)
0
(15; 39,142857; 15)
0
(15; 39,142857; 15)
0
(15; 39,142857; 15)
0
(15; 39,142857; 15)
0
(15; 39,142857; 15)
0
(15; 39,142857; 15)
0
(15; 39,142857; 15)
0
(15; 39,142857; 15)
0
(15; 39,142857; 15)
0
(15; 39,142857; 15)
0
(15; 39,142857; 15)
0
(15; 39,142857; 15)
0
(15; 39,142857; 15)
0
(15; 39,142857; 15)
0
(15; 39,142857; 15)
0
(15; 39,142857; 15)
0
(15; 39,142857; 15)
0
(15; 39,142857; 15)
0
(15; 39,142857; 15)
0
(15; 39,142857; 15)
0
(15; 39,142857; 15)
0
(15; 39,142857; 15)
0
(15; 39,142857; 15)
0
(15; 39,142857; 15)
0
(15; 39,142857; 15)
0
(15; 39,142857; 15)
0
(15; 39,142857; 15)
0
(15; 39,142857; 15)
0
(15; 39,142857; 15)
0
(15; 39,142857; 15)
0
(15; 39,142857; 15)
0
(15; 39,142857; 15)
0
(15; 39,142857; 15)
0
(15; 39,142857; 15)
0
(15; 39,142857; 15)
0
(15; 39,142857; 15)
0
(15; 39,142857; 15)
0
(15; 39,142857; 15)
0
(15; 39,142857; 15)
0
(15; 39,142857; 15)
0
(15; 39,142857; 15)
0
(15; 39,142857; 15)
0
(15; 39,142857; 15)
0
(15; 39,142857; 15)
0
(15; 39,142857; 15)
0
(15; 39,142857; 15)
0
(15; 39,142857; 15)
0
(15; 39,142857; 15)
0
(15; 39,142857; 15)
0
(15; 39,142857; 15)
0
(15; 39,142857; 15)
0
(15; 39,142857; 15)
0
(15,483975; 39,142857; 15)
0
(15,976677; 39,142857; 15)
0
(16,46601; 39,142857; 15)
0
(16,967106; 39,142857; 15)
0
(17,465454; 39,142857; 15)
0
(17,967113; 39,142857; 15)
0
(18,465675; 39,142857; 15)
0
(18,965895; 39,142857; 15)
0
(19,483131; 39,142857; 15)
0
(19,964952; 39,142857; 15)
0
(20,478441; 39,211205; 15)
0
(21,017366; 39,288197; 15)
0
(21,471905; 39,35313; 15)
0
(21,971474; 39,56723; 15,499569)
0
(22,465796; 39,779083; 15,993891)
0
(22,966232; 39,993557; 16,494328)
0
(23,472431; 40,2105; 17,000526)
0
(23,99474; 40,434345; 17,522835)
0
(24,469147; 40,437782; 17,997242)
0
(24,968182; 40,223907; 18,496277)
0
(25,468311; 40,009567; 18,996407)
0
(25,982811; 39,789066; 19,510906)
0
(26,469137; 39,580643; 19,997232)
0
(27,01269; 39,34769; 20,540785)
0
(27,479145; 39,146748; 21,00724)
0
(27,979498; 38,930416; 21,507593)
0
(28,46675; 38,85788; 21,994844)
0
(28,973665; 38,78546; 22,50176)
0
(29,486284; 38,71223; 23,01438)
0
(29,96576; 38,643734; 23,493855)
0
(30,467152; 38,57211; 23,995247)
0
(30,977856; 38,49915; 24,50595)
0
(31,479048; 38,635918; 25,007143)
0
(31,96965; 38,986347; 25,497746)
0
(32,469902; 39,343674; 25,998)
0
(32,97108; 39,701656; 26,499176)
0
(33,467995; 40,056595; 26,99609)
0
(33,968315; 40,413967; 27,496408)
0
(34,471485; 40,773373; 27,999577)
0
(34,966812; 41,051735; 28,494904)
0
(35,466583; 41,20875; 28,994673)
0
(35,967213; 41,351788; 29,495304)
0
(36,467438; 41,49471; 29,99553)
0
(36,966312; 41,637245; 30,494406)
0
(37,468884; 41,780838; 30,996977)
0
(37,975185; 41,925495; 31,503279)
0
(38,473846; 42,06797; 32,001938)
0
(38,976254; 42,211514; 32,504345)
0
(39,46868; 42,352207; 32,996773)
0
(39,96976; 42,495373; 33,497852)
0
(40,473064; 42,639175; 34,001156)
0
(41,00179; 42,790237; 34,52988)
0
(41,52193; 42,924557; 35,050022)
0
(42,040844; 42,65739; 35,568935)
0
(42,502495; 42,19574; 36,030586)
0
(42,98632; 41,711914; 36,514412)
0
(43,479404; 41,21883; 37,007496)
0
(43,97999; 40,718246; 37,50808)
0
(44,482967; 40,215267; 38,01106)
0
(45,00834; 39,689896; 38,53643)
0
(45,48929; 39,136562; 39,01738)
0
(45,96903; 38,519756; 39,49712)
0
(45,96903; 38,519756; 39,49712)
0
(45,96903; 38,519756; 39,49712)
0
(45,96903; 38,519756; 39,49712)
0
(45,96903; 38,519756; 39,49712)
0
(45,96903; 38,519756; 39,49712)
0
(45,96903; 38,519756; 39,49712)
0
(45,96903; 38,519756; 39,49712)
0
(45,96903; 38,519756; 39,49712)
0
(45,96903; 38,519756; 39,49712)
0
(45,96903; 38,519756; 39,49712)
0
(45,96903; 38,519756; 39,49712)
0
(45,96903; 38,519756; 39,49712)
0
(45,96903; 38,519756; 39,49712)
0
(45,96903; 38,519756; 39,49712)
0
(45,96903; 38,519756; 39,49712)
0
(45,96903; 38,519756; 39,49712)
0
(45,96903; 38,519756; 39,49712)
0
(45,96903; 38,519756; 39,49712)
0
(45,96903; 38,519756; 39,49712)
0
(45,96903; 38,519756; 39,49712)
0
(45,96903; 38,519756; 39,49712)
0
(45,96903; 38,519756; 39,49712)
0
(45,96903; 38,519756; 39,49712)
0
(45,96903; 38,519756; 39,49712)
0
(45,96903; 38,519756; 39,49712)
0
(45,96903; 38,519756; 39,49712)
0
(45,96903; 38,519756; 39,49712)
0
(45,96903; 38,519756; 39,49712)
0
(45,96903; 38,519756; 39,49712)
0
(45,96903; 38,519756; 39,49712)
0
(45,96903; 38,519756; 39,49712)
0
(45,96903; 38,519756; 39,49712)
0
(45,96903; 38,519756; 39,49712)
0
(45,96903; 38,519756; 39,49712)
0
(45,96903; 38,519756; 39,49712)
0
(45,96903; 38,519756; 39,49712)
0
(45,96903; 38,519756; 39,49712)
0
(45,96903; 38,519756; 39,49712)
0
(45,96903; 38,519756; 39,49712)
0
(45,96903; 38,519756; 39,49712)
0
(45,96903; 38,519756; 39,49712)
0
(45,96903; 38,519756; 39,49712)
0
(45,96903; 38,519756; 39,49712)
0
(45,96903; 38,519756; 39,49712)
0
(45,96903; 38,519756; 39,49712)
0
(45,96903; 38,519756; 39,49712)
0
(45,96903; 38,519756; 39,49712)
0
(45,96903; 38,519756; 39,49712)
0
(45,96903; 38,519756; 39,49712)
0
(45,96903; 38,519756; 39,49712)
0
(45,96903; 38,519756; 39,49712)
0
(45,96903; 38,519756; 39,49712)
0
(45,96903; 38,519756; 39,49712)
0
(45,96903; 38,519756; 39,49712)
0
(45,96903; 38,519756; 39,49712)
0
(45,96903; 38,519756; 39,49712)
0
(45,96903; 38,519756; 39,49712)
0
(45,96903; 38,519756; 39,49712)
0
(45,96903; 38,519756; 39,49712)
0
(45,96903; 38,519756; 39,49712)
0
(45,96903; 38,519756; 39,49712)
0
(45,96903; 38,519756; 39,49712)
0
(45,96903; 38,519756; 39,49712)
0
(45,96903; 38,519756; 39,49712)
0
(45,96903; 38,519756; 39,49712)
0
(45,96903; 38,519756; 39,49712)
0
(45,96903; 38,519756; 39,49712)
0
(45,96903; 38,519756; 39,49712)
0
(45,96903; 38,519756; 39,49712)
0
(45,96903; 38,519756; 39,49712)
0
(45,96903; 38,519756; 39,49712)
0
(45,96903; 38,519756; 39,49712)
0
(45,96903; 38,519756; 39,49712)
0
(45,96903; 38,519756; 39,49712)
0
(45,96903; 38,519756; 39,49712)
0
(45,96903; 38,519756; 39,49712)
0
(45,96903; 38,519756; 39,49712)
0
(46,464314; 38,236736; 39,49712)
0
(46,95238; 37,95784; 39,49712)
0
(47,463615; 37,665707; 39,49712)
0
(47,950382; 37,387554; 39,49712)
0
(48,488987; 37,07978; 39,49712)
0
(48,999027; 36,788326; 39,49712)
0
(49,493713; 36,50565; 39,49712)
0
(49,971878; 36,232414; 39,49712)
0
(50,491753; 35,564003; 40,016994)
0
(50,959835; 35,470654; 40,485077)
0
(51,4637; 35,974518; 40,98894)
0
(51,95675; 36,467567; 41,48199)
0
(52,456; 36,96682; 41,981243)
0
(52,97834; 37,48916; 42,503582)
0
(53,457645; 37,968464; 42,982887)
0
(53,979614; 38,490433; 43,504856)
0
(54,457024; 38,528553; 43,982265)
0
(54,96711; 38,018467; 44,49235)
0
(55,509754; 37,475822; 45,034996)
0
(55,98863; 36,99695; 45,51387)
0
(56,478817; 36,711967; 46,00406)
0
(56,963184; 36,435184; 46,488426)
0
(57,449894; 36,157066; 46,975136)
0
(57,95448; 35,992786; 47,47972)
0
(58,464317; 35,992786; 47,98956)
0
(58,97426; 35,992786; 48,4995)
0
(59,46795; 35,992786; 48,99319)
0
(59,994343; 36,14124; 49,519585)
0
(60,49691; 36,284832; 50,022152)
0
(60,97189; 36,42054; 50,49713)
0
(61,46513; 36,496395; 50,99037)
0
(61,99777; 36,496395; 51,52301)
0
(62,483326; 36,496395; 52,008568)
0
(63,007603; 36,493137; 52,532845)
0
(63,45377; 36,30192; 52,97901)
0
(63,964813; 36,0829; 53,490055)
0
(64,46534; 35,868393; 53,990578)
0
(64,96806; 35,850666; 54,4933)
0
(65,4827; 36,071224; 55,007935)
0
(66,00434; 36,294785; 55,52958)
0
(66,48497; 36,49931; 56,01021)
1
1
0
(67,48456; 36,78491; 57,009796)
1
1
0
(67,97643; 36,925446; 57,501675)
1
1
0
(68,49746; 37,59447; 58,0227)
0
(68,99349; 38,728252; 58,51873)
0
(69,47102; 39,81976; 58,996265)
0
(69,98817; 41,001804; 59,513412)
0
(70,49593; 41,595634; 60,02118)
0
(70,9733; 42,141193; 60,498543)
0
(71,45738; 42,69443; 60,982628)
0
(71,98998; 43,086597; 61,51523)
0
(72,46725; 43,22296; 61,992493)
0
(72,93029; 43,355263; 62,45554)
0
(73,409164; 43,49208; 62,934414)
0
(73,92044; 42,93779; 63,44569)
0
(74,435326; 42,275795; 63,960575)
0
(74,94894; 41,615437; 64,47419)
0
(75,41125; 41,17007; 64,9365)
0
(75,91231; 40,95533; 65,43756)
0
(76,40991; 40,742073; 65,935165)
0
(76,92653; 40,520664; 66,45178)
0
(77,457115; 40,162666; 66,98237)
0
(77,9119; 39,83782; 67,43716)
0
(78,41831; 39,476097; 67,943565)
0
(78,90875; 39,419575; 68,434006)
0
(79,418175; 39,928997; 68,94343)
0
(79,92909; 40,439915; 69,454346)
0
(80,44423; 40,95505; 69,96948)
0
(80,9303; 41,37604; 70,45555)
0
(81,4241; 41,799305; 70,949356)
0
(81,91732; 42,081142; 70,949356)
0
(82,42793; 42,37292; 70,949356)
0
(82,9502; 42,67136; 70,949356)
0
(83,471756; 42,6686; 70,949356)
0
(83,91081; 42,605873; 70,949356)
0
(84,41887; 42,473457; 70,949356)
0
(84,912704; 42,33236; 70,949356)
0
(85,44614; 42,17995; 70,949356)
0
(85,93067; 42,04151; 70,949356)
0
(86,45894; 41,89058; 70,949356)
0
(86,994774; 41,737484; 70,949356)
0
(87,45993; 41,60458; 70,949356)
0
(87,94397; 41,466286; 70,949356)
0
(88,44287; 41,323742; 70,949356)
0
(88,94207; 41,181114; 70,949356)
0
(89,453224; 41,03507; 70,949356)
0
(89,95735; 40,891033; 70,949356)
0
(90,448875; 41,03505; 70,949356)
0
(90,96996; 41,258373; 70,949356)
0
(91,46867; 41,53906; 70,949356)
0
(91,96713; 41,82389; 70,949356)
0
(92,48868; 42,121918; 70,949356)
0
(92,996346; 42,412014; 70,949356)
0
(93,478806; 42,687706; 70,949356)
0
(93,98743; 42,978344; 70,949356)
0
(94,46379; 43,250553; 70,949356)
0
(94,980515; 43,545826; 70,949356)
0
(95,45428; 43,816547; 70,949356)
0
(95,96117; 44,106197; 70,949356)
0
(96,45426; 44,387966; 70,949356)
0
(96,95476; 44,67396; 70,949356)
0
(97,47383; 44,54739; 70,949356)
0
(97,98405; 44,328724; 70,949356)
0
(98,45487; 44,581814; 70,949356)
0
(98,97557; 44,879356; 70,949356)
0
(99,45263; 45,151962; 70,949356)
0
(99,95986; 45,44181; 70,949356)
0
(100,519485; 45,761593; 70,949356)
0
(100,96908; 46,018505; 70,949356)
0
(101,46441; 46,30155; 70,949356)
0
(101,95398; 46,581306; 70,949356)
0
(102,45931; 46,870068; 70,949356)
0
(102,962395; 47,157543; 70,949356)
0
(103,46471; 47,444576; 70,949356)
0
(103,95674; 47,725742; 70,949356)
0
(104,4873; 48,091293; 70,949356)
0
(104,979034; 48,442535; 70,949356)
0
(105,4536; 48,32791; 70,949356)
1
1
0
(105,99043; 48,17453; 70,949356)
1
1
0
(106,458466; 48,040806; 70,949356)
1
1
0
(106,992226; 47,8883; 70,949356)
1
1
0
(107,47682; 47,749847; 70,949356)
1
1
0
(107,985405; 47,604538; 70,949356)
1
1
0
(108,45616; 47,470036; 70,949356)
1
1
0
(108,95273; 47,32816; 70,949356)
1
1
0
(109,45611; 47,184338; 70,949356)
1
1
0
(109,96145; 47,039955; 70,949356)
1
1
0
(110,45363; 46,89933; 70,949356)
1
1
0
(111,011894; 46,739826; 70,949356)
1
1
0
(111,677124; 47,623726; 70,949356)
0
(112,01813; 48,097927; 70,949356)
0
(112,48593; 48,43207; 70,949356)
0
(112,98345; 48,787445; 70,949356)
0
(113,47295; 49,13709; 70,949356)
0
(113,915504; 49,453197; 70,949356)
0
(114,427025; 49,818565; 70,949356)
0
(114,94734; 50,190224; 70,949356)
0
(115,46359; 50,55897; 70,949356)
0
(115,97618; 51,51092; 71,461945)
0
(116,4628; 52,414642; 71,94856)
0
(116,91694; 52,664425; 72,4027)
0
(117,41523; 51,73903; 72,90099)
0
(117,93864; 50,766987; 73,4244)
0
(118,470146; 49,779896; 73,95591)
0
(118,97482; 48,84264; 74,46059)
0
(119,4728; 47,445023; 74,958565)
0
(119,98164; 45,991188; 75,46741)
0
(120,45429; 45,091446; 75,940056)
0
(120,95299; 44,806477; 76,43875)
0
(121,452576; 44,521; 76,93834)
0
(121,95636; 43,601517; 77,44212)
0
(122,46726; 42,579712; 77,953026)
0
(122,964935; 41,584366; 78,4507)
0
(123,467636; 40,578964; 78,9534)
0
(123,96932; 40,06063; 79,455086)
0
(124,45943; 40,20066; 79,94519)
0
(124,96629; 40,345478; 80,45206)
0
(125,517136; 40,42417; 80,45206)
0
(125,97339; 40,48935; 80,45206)
0
(126,493515; 40,563652; 80,45206)
0
(126,95649; 40,62979; 80,45206)
0
(127,45408; 40,70088; 80,45206)
0
(127,961945; 40,77343; 80,45206)
0
(128,45898; 40,844433; 80,45206)
0
(128,96265; 40,916386; 80,45206)
0
(129,46394; 40,988; 80,45206)
0
(129,9816; 41,06195; 80,45206)
0
(130,47043; 41,131783; 80,45206)
0
(130,96123; 41,201897; 80,45206)
0
(131,46945; 41,2745; 80,45206)
0
(131,93636; 41,3412; 80,45206)
0
(132,43231; 41,412052; 80,45206)
0
(132,94354; 41,485085; 80,45206)
0
(133,45735; 41,754494; 80,45206)
0
(133,96143; 42,042538; 80,45206)
0
(134,46286; 42,32907; 80,45206)
0
(134,9627; 42,614697; 80,45206)
0
(135,46355; 42,90089; 80,45206)
0
(135,96408; 43,186913; 80,45206)
0
(136,49342; 43,632847; 80,98141)
1
0
(136,97917; 44,118595; 81,46715)
1
0
(137,48032; 44,61974; 81,96829)
1
0
(138,00237; 45,141785; 82,49033)
1
0
(138,56085; 45,70027; 83,04882)
1
0
(139,00621; 46,145634; 83,49419)
1
0
(139,5678; 46,683315; 84,05576)
0
(139,98407; 46,595394; 84,47204)
0
(140,47186; 46,04247; 84,95983)
0
(140,95493; 45,4904; 85,442894)
0
(141,4649; 44,90757; 85,952866)
0
(141,95305; 44,349693; 86,44101)
0
(142,46062; 43,769615; 86,94858)
0
(142,9779; 43,17843; 87,465866)
0
(143,48972; 43,060894; 87,97767)
0
(144,02167; 43,51685; 88,50961)
0
(144,41487; 43,85388; 88,90282)
0
(144,92963; 44,2951; 89,417564)
0
(145,43314; 44,72668; 89,921074)
0
(145,96527; 45,182796; 90,45321)
0
(146,45743; 45,604645; 90,945366)
0
(146,96893; 46,051952; 91,45686)
1
0
(147,46452; 46,46787; 91,95245)
0
(147,96428; 46,89623; 92,4522)
0
(148,4649; 47,325336; 92,95283)
0
(148,96661; 47,75537; 93,45454)
0
(149,46371; 48,18146; 93,951645)
0
(149,96725; 48,613068; 94,45519)
0
(150,521; 49,087704; 95,00894)
0
(150,9628; 49,466393; 95,450745)
0
(151,48152; 49,91101; 95,96947)
0
(151,93045; 50,295807; 96,4184)
0
(152,42459; 50,719357; 96,91255)
0
(152,92833; 51,151134; 97,41629)
0
(153,40862; 51,56281; 97,896576)
0
(153,92404; 51,823425; 98,41201)
0
(154,4706; 51,992554; 98,958565)
0
(154,94862; 52,197426; 99,436584)
0
(155,41489; 52,39725; 99,902855)
0
(155,92818; 52,617233; 100,416145)
0
(156,4124; 52,82476; 100,90036)
0
(156,9258; 53,04479; 101,41375)
0
(157,4141; 53,11858; 101,90204)
0
(157,9226; 52,90065; 102,410545)
0
(158,41101; 52,691326; 102,89896)
0
(158,91437; 52,475597; 103,40232)
0
(159,4102; 52,263103; 103,89815)
0
(159,91095; 52,048496; 104,398895)
0
(160,4115; 51,833977; 104,899445)
0
(160,92056; 51,81358; 105,4085)
0
(161,4569; 51,856155; 105,94483)
0
(161,94485; 51,92586; 106,4328)
0
(162,44275; 51,99699; 106,93069)
0
(162,92545; 52,06595; 107,41338)
0
(163,42494; 52,137302; 107,91288)
0
(163,94276; 52,211277; 108,43071)
0
(164,44417; 52,01414; 108,932106)
0
(164,94623; 51,368645; 109,43416)
0
(165,42256; 50,756214; 109,91049)
0
(165,92601; 50,108932; 110,41393)
0
(166,4091; 49,487812; 110,897026)
0
(166,99167; 48,738808; 111,47958)
0
(167,41402; 48,19579; 111,90193)
0
(167,92804; 47,901714; 112,415955)
0
(168,51398; 48,007442; 113,0019)
0
(168,91992; 48,12343; 113,407845)
0
(169,41124; 48,2638; 113,89917)
0
(169,92801; 48,411453; 114,41593)
0
(170,4817; 48,569653; 114,96963)
0
(170,9162; 48,693794; 115,40411)
0
(171,41861; 48,698; 115,90652)
0
(171,98337; 48,37529; 116,47127)
0
(172,44853; 48,10948; 116,93643)
0
(172,93396; 47,832096; 117,42186)
0
(173,51932; 47,4976; 118,007225)
0
(173,9189; 47,269268; 118,40681)
0
(174,41798; 46,98408; 118,90588)
0
(174,93315; 47,0821; 119,42105)
0
(175,42944; 47,568844; 119,91734)
0
(175,91475; 48,054146; 120,40264)
0
(176,43962; 48,579018; 120,927505)
0
(176,92665; 49,066048; 121,41454)
0
(177,53145; 49,670845; 122,01934)
0
(177,94229; 50,08169; 122,43019)
0
(178,45407; 49,857952; 122,94198)
0
(179,02339; 48,312653; 123,5113)
0
(179,46153; 47,123413; 123,94944)
0
(179,97311; 45,734837; 124,46102)
0
(180,46307; 44,404945; 124,95098)
0
(180,95032; 43,08244; 125,43822)
0
(181,46562; 41,683754; 125,95352)
0
(181,95612; 41,221634; 126,44401)
0
(182,4757; 41,684788; 126,96358)
0
(182,91759; 42,126682; 127,40548)
0
(183,41943; 42,62853; 127,907326)
0
(183,9266; 43,1357; 128,41449)
0
(184,44495; 43,65404; 128,93283)
0
(184,9697; 44,17879; 129,45758)
0
(185,52335; 43,357815; 130,01123)
0
(185,97636; 41,481026; 130,46425)
0
(186,46436; 39,459347; 130,95224)
0
(186,9526; 37,436592; 131,44049)
0
(187,46985; 35,29373; 131,95773)
0
(187,95265; 33,293545; 132,44054)
0
(188,46986; 32,25912; 132,44054)
0
(188,96101; 31,276823; 132,44054)
0
(189,45197; 30,876019; 132,44054)
0
(189,95538; 30,686113; 132,44054)
1
(190,47821; 30,536734; 132,44054)
1
(190,97353; 30,395216; 132,44054)
1
(191,46466; 30,254892; 132,44054)
1
(192,03844; 30,090956; 132,44054)
1
(192,55495; 29,94338; 132,44054)
1
(192,98659; 29,820055; 132,44054)
1
(193,45323; 29,686728; 132,44054)
1
(193,95383; 29,543701; 132,44054)
1
(194,49046; 29,390377; 132,44054)
1
(194,98837; 29,248117; 132,44054)
1
(195,49629; 29,973715; 131,93262)
1
(196,01065; 29,816105; 131,93262)
0
(196,47426; 29,22004; 131,93262)
0
(196,97093; 28,581459; 131,93262)
0
(197,47061; 28,457449; 131,93262)
1
(198,02673; 28,457449; 131,93262)
1
(198,50522; 28,457449; 131,93262)
1
(198,96822; 28,457449; 131,93262)
1
(199,4264; 28,457449; 131,93262)
1
(199,92012; 28,457449; 131,93262)
1
(200,42255; 28,457449; 131,93262)
1
(200,91791; 28,457449; 131,93262)
1
(201,42348; 28,457449; 131,93262)
1
(201,91995; 28,457449; 131,93262)
1
(202,44673; 28,457449; 131,93262)
1
(202,96416; 28,457449; 131,93262)
1
(203,4602; 28,194475; 131,93262)
0
(203,9709; 27,902649; 131,93262)
0
(204,4814; 27,847517; 131,93262)
0
(204,93213; 27,847517; 131,93262)
0
(205,4172; 27,847517; 131,93262)
0
(205,92369; 27,847517; 131,93262)
0
(206,43413; 27,847517; 131,93262)
0
(206,96014; 27,847517; 131,93262)
0
(207,45168; 27,847517; 131,93262)
0
(207,96382; 27,847517; 131,93262)
0
(208,47021; 27,847517; 131,93262)
0
(208,9626; 27,847517; 131,93262)
0
(209,46045; 27,847517; 131,93262)
0
(209,95464; 27,847517; 131,93262)
0
(210,52039; 27,996199; 131,93262)
0
(210,98213; 28,128126; 131,93262)
0
(211,45383; 28,04207; 131,93262)
0
(211,96193; 27,896898; 131,93262)
0
(212,45953; 27,754726; 131,93262)
0
(212,95404; 27,613438; 131,93262)
0
(213,46204; 27,468296; 131,93262)
0
(213,9573; 27,326792; 131,93262)
0
(214,47615; 27,178549; 131,93262)
0
(214,98282; 27,033787; 131,93262)
0
(215,4567; 26,898394; 131,93262)
0
(215,95512; 26,755985; 131,93262)
0
(216,46109; 26,611423; 131,93262)
0
(216,96924; 26,466238; 131,93262)
0
(217,48213; 26,526325; 131,93262)
0
(217,96881; 26,595852; 131,93262)
0
(218,45836; 26,665787; 131,93262)
0
(218,96289; 26,737864; 131,93262)
0
(219,46379; 26,80942; 131,93262)
0
(219,96494; 26,881012; 131,93262)
0
(220,48947; 26,955946; 131,93262)
0
(220,97551; 27,02538; 131,93262)
0
(221,47687; 27,097002; 131,93262)
0
(221,96306; 27,166458; 131,93262)
0
(222,46974; 27,238842; 131,93262)
0
(222,9828; 27,312136; 131,93262)
0
(223,46088; 27,380432; 131,93262)
0
(223,95767; 27,451403; 131,93262)
0
(224,47034; 27,591831; 131,93262)
0
(224,95168; 27,729357; 131,93262)
0
(225,4507; 27,981455; 131,93262)
0
(225,96365; 28,27457; 131,93262)
0
(226,46991; 28,56386; 131,93262)
0
(226,97644; 28,853306; 131,93262)
0
(227,4693; 29,13494; 131,93262)
0
(227,99384; 29,50961; 131,40808)
0
(228,4548; 29,838871; 130,94711)
0
(228,99025; 30,221333; 130,41167)
0
(229,48422; 30,574171; 129,9177)
0
(229,9818; 30,92958; 129,42012)
0
(230,4706; 31,278723; 128,93132)
0
(230,97224; 31,637043; 128,42967)
0
(231,41733; 31,716488; 127,98458)
0
(231,91257; 31,787237; 127,48934)
0
(232,40807; 31,858023; 126,99384)
0
(232,92194; 31,931433; 126,47997)
0
(233,415; 31,99066; 125,98692)
0
(233,91524; 31,633343; 125,48668)
0
(234,44698; 31,253529; 124,95494)
0
(234,97281; 30,877928; 124,4291)
0
(235,47328; 30,520452; 123,928635)
0
(235,96318; 30,17052; 123,43873)
0
(236,45564; 29,818762; 122,946266)
0
(236,93358; 29,477379; 122,46833)
0
(237,44745; 29,110329; 121,95446)
0
(237,92377; 28,770107; 121,47815)
0
(238,41489; 28,537851; 120,98704)
0
(238,9397; 28,312933; 120,46223)
0
(239,4399; 28,098557; 119,96202)
0
(239,91118; 27,896584; 119,490746)
0
(240,41974; 27,686264; 118,982185)
0
(240,92938; 27,686264; 118,47254)
0
(241,4514; 27,686264; 117,95052)
0
(241,92163; 27,686262; 117,480286)
0
(242,42747; 27,68626; 116,974434)
0
(242,42747; 27,68626; 116,974434)
0
(242,42747; 27,68626; 116,974434)
0
(242,42747; 27,68626; 116,974434)
0
(242,42747; 27,68626; 116,974434)
0
(242,42747; 27,68626; 116,974434)
0
(242,42747; 27,68626; 116,974434)
0
(242,42747; 27,68626; 116,974434)
0
(242,42747; 27,68626; 116,974434)
0
(242,42747; 27,68626; 116,974434)
0
(242,42747; 27,68626; 116,974434)
0
(242,42747; 27,68626; 116,974434)
0
(242,42747; 27,68626; 116,974434)
0
(242,42747; 27,68626; 116,974434)
0
(242,42747; 27,68626; 116,974434)
0
(242,42747; 27,68626; 116,974434)
0
(242,42747; 27,68626; 116,974434)
0
(242,42747; 27,68626; 116,974434)
0
(242,42747; 27,68626; 116,974434)
0
(242,42747; 27,68626; 116,974434)
0
(242,42747; 27,68626; 116,974434)
0
(242,42747; 27,68626; 116,974434)
0
(242,42747; 27,68626; 116,974434)
0
(242,42747; 27,68626; 116,974434)
0
(242,42747; 27,68626; 116,974434)
0
(241,92699; 27,543262; 116,974434)
0
(241,43622; 27,403044; 116,974434)
0
(240,93713; 27,260448; 116,974434)
0
(240,4363; 27,117352; 116,974434)
0
(239,93707; 26,962074; 116,974434)
0
(239,42413; 26,742243; 116,974434)
0
(238,92715; 26,529253; 116,974434)
0
(238,42917; 26,31583; 116,974434)
0
(237,92548; 26,142546; 116,974434)
0
(237,41922; 26,214869; 116,974434)
0
(236,92189; 26,285915; 116,974434)
0
(236,92189; 26,285915; 116,974434)
0
(236,92189; 26,285915; 116,974434)
0
(236,92189; 26,285915; 116,974434)
0
(236,92189; 26,285915; 116,974434)
0
(236,92189; 26,285915; 116,974434)
0
(236,92189; 26,285915; 116,974434)
0
(236,92189; 26,285915; 116,974434)
0
(236,92189; 26,285915; 116,974434)
0
(236,92189; 26,285915; 116,974434)
0
(236,92189; 26,285915; 116,974434)
0
(236,92189; 26,285915; 116,974434)
0
(236,92189; 26,285915; 116,974434)
0
(236,92189; 26,285915; 116,974434)
0
(236,92189; 26,285915; 116,974434)
0
(236,92189; 26,285915; 116,974434)
0
(236,92189; 26,285915; 116,974434)
0
(236,92189; 26,285915; 116,974434)
0
(236,92189; 26,285915; 116,974434)
0
(236,92189; 26,285915; 116,974434)
0
(236,92189; 26,285915; 116,974434)
0
(236,92189; 26,285915; 116,974434)
0
(236,92189; 26,285915; 116,974434)
0
(236,92189; 26,285915; 116,974434)
0
(236,92189; 26,285915; 116,974434)
0
(236,92189; 26,285915; 116,974434)
0
(236,92189; 26,285915; 116,974434)
0
(236,92189; 26,285915; 116,974434)
0
(236,92189; 26,285915; 116,974434)
0
(236,92189; 26,285915; 116,974434)
0
(236,92189; 26,285915; 116,974434)
0
(236,92189; 26,285915; 116,974434)
0
(236,92189; 26,285915; 116,974434)
0
(236,92189; 26,285915; 116,974434)
0
(236,92189; 26,285915; 116,974434)
0
